0 -1
0 -0.707107
0 -1
0 -0.707107
0 -1
0 -0.707107
0 -1
0 -0.707107
0 -1
0 -0.707107
-0.500000 -0.500000
-0.707107 -0.707107
-0.500000 -0.500000
0 -0.707107
0.500000 -0.500000
0.707107 -0.707107
0.500000 -0.500000
0 -0.707107
0 0
-0.707107 0
-1 0
-0.707107 0
0 0
0.707107 0
1 0
0.707107 0
0 0
0 0.707107
-0.500000 0.500000
-0.707107 0.707107
-0.500000 0.500000
0 0.707107
0.500000 0.500000
0.707107 0.707107
0.500000 0.500000
0 0.707107
0 1
0 0.707107
0 1
0 0.707107
0 1
0 0.707107
0 1
0 0.707107
0 1
